54
15
-1
29
16
25
47
37
33
-1
17
43
23
45
54
25
32
-1
61
27
21
-1
8
46
-1
31
61
31
-1
22
26
42
32
-1
4
12
54
34
-1
0
44
2
49
60
17
-1
48
42
12
26
48
9
59
-1
1
0
-1
34
30
45
53
9
1
60
11
16
1
11
-1
42
49
37
51
21
19
41
4
-1
27
7
47
49
24
-1
61
39
55
-1
2
29
56
-1
12
33
28
25
3
-1
50
40
32
30
-1
38
31
39
55
47
27
19
15
39
-1
20
15
35
15
7
59
21
29
24
-1
22
30
58
33
0
18
44
-1
27
29
56
26
3
35
-1
12
6
45
9
56
34
19
-1
17
59
46
1
8
11
57
46
13
34
20
2
28
-1
56
14
3
1
42
10
18
51
32
40
51
-1
18
4
3
18
60
50
53
47
36
58
-1
14
19
11
7
1
5
53
57
-1
61
24
35
3
54
14
50
26
46
14
44
57
17
24
60
30
-1
61
26
50
12
59
-1
26
0
7
29
-1
36
35
6
-1
52
58
12
3
20
51
42
38
45
-1
50
39
5
30
12
-1
23
12
20
16
32
-1
58
39
61
34
20
53
47
29
30
-1
50
57
8
21
6
34
33
44
52
8
-1
60
23
9
45
6
43
42
52
50
55
-1
41
6
6
-1
6
27
56
4
22
55
28
11
48
-1
20
38
42
-1
38
3
2
29
9
58
-1
48
40
0
22
18
13
3
34
42
47
55
-1
28
39
1
12
8
19
38
46
16
30
58
38
42
-1
16
60
36
18
6
-1
0
36
33
-1
40
39
19
47
32
21
-1
39
9
3
-1
15
54
29
-1
9
38
58
0
20
31
7
43
21
16
2
8
39
10
-1
13
3
-1
28
20
1
48
49
46
24
36
46
7
37
-1
22
11
24
26
39
59
49
-1
42
40
53
3
-1
19
52
43
35
-1
53
19
8
49
59
43
19
-1
39
35
6
39
9
58
52
34
42
50
26
-1
32
59
51
28
-1
47
24
53
-1
13
29
7
-1
44
59
6
16
-1
40
21
6
5
60
46
49
38
-1
16
20
17
11
20
35
27
60
11
-1
48
19
53
46
10
61
-1
56
46
23
50
48
59
22
37
47
40
4
9
20
57
-1
13
6
26
6
57
23
8
-1
44
9
2
-1
23
15
57
1
19
-1
36
3
19
35
0
38
21
18
11
61
-1
23
51
16
36
34
34
25
10
11
55
6
21
12
42
27
9
-1
38
12
51
21
58
-1
5
38
55
36
44
32
19
49
-1
12
54
51
-1
46
43
6
56
33
35
41
16
4
-1
16
61
-1
1
29
14
-1
19
17
20
0
53
5
28
14
18
59
2
37
-1
57
8
31
11
3
46
25
27
-1
38
47
45
39
-1
21
16
26
1
33
17
57
39
54
50
-1
6
13
37
45
10
19
16
2
-1
54
33
12
19
28
48
-1
8
26
1
-1
21
20
3
19
7
-1
33
12
17
6
-1
18
24
-1
11
46
-1
30
4
32
39
-1
36
24
39
7
54
16
42
-1
27
48
30
44
6
25
30
33
-1
30
26
51
17
-1
6
56
43
54
23
19
51
-1
23
40
51
4
9
54
26
10
-1
5
46
12
3
27
44
2
25
11
46
8
-1
50
30
29
-1
4
12
34
46
29
44
50
4
40
9
54
-1
30
13
55
43
61
15
46
9
57
27
5
-1
49
29
34
13
7
21
55
49
25
33
55
43
52
-1
32
47
-1
1
23
4
52
41
10
58
48
18
33
5
-1
36
